0 1
0 3
0 49
0 54
0 59
1 2
1 34
1 39
1 44
2 3
2 19
2 24
2 29
3 4
3 9
3 14
4 5
4 6
4 7
4 8
5 6
6 7
7 8
9 10
9 11
9 12
9 13
10 11
11 12
12 13
14 15
14 16
14 17
14 18
15 16
16 17
17 18
19 20
19 21
19 22
19 23
20 21
21 22
22 23
24 25
24 26
24 27
24 28
25 26
26 27
27 28
29 30
29 31
29 32
29 33
30 31
31 32
32 33
34 35
34 36
34 37
34 38
35 36
36 37
37 38
39 40
39 41
39 42
39 43
40 41
41 42
42 43
44 45
44 46
44 47
44 48
45 46
46 47
47 48
49 50
49 51
49 52
49 53
50 51
51 52
52 53
54 55
54 56
54 57
54 58
55 56
56 57
57 58
59 60
59 61
59 62
59 63
60 61
61 62
62 63
