0 0
0 14
0 15
0 29
1 1
1 2
1 16
1 17
2 2
2 3
2 16
2 17
2 18
3 3
3 4
3 17
3 18
3 19
4 4
4 5
4 18
4 19
4 20
5 5
5 6
5 19
5 20
5 21
6 6
6 7
6 20
6 21
6 22
7 7
7 8
7 21
7 22
7 23
8 8
8 9
8 22
8 23
8 24
9 9
9 10
9 23
9 24
9 25
10 10
10 11
10 24
10 25
10 26
11 11
11 12
11 25
11 26
11 27
12 12
12 13
12 26
12 27
12 28
13 13
13 14
13 27
13 28
13 29
14 14
14 15
14 28
14 29
15 15
15 29
15 30
15 44
16 16
16 17
16 31
16 32
17 17
17 18
17 31
17 32
17 33
18 18
18 19
18 32
18 33
18 34
19 19
19 20
19 33
19 34
19 35
20 20
20 21
20 34
20 35
20 36
21 21
21 22
21 35
21 36
21 37
22 22
22 23
22 36
22 37
22 38
23 23
23 24
23 37
23 38
23 39
24 24
24 25
24 38
24 39
24 40
25 25
25 26
25 39
25 40
25 41
26 26
26 27
26 40
26 41
26 42
27 27
27 28
27 41
27 42
27 43
28 28
28 29
28 42
28 43
28 44
29 29
29 30
29 43
29 44
30 30
30 44
30 45
30 59
31 31
31 32
31 46
31 47
32 32
32 33
32 46
32 47
32 48
33 33
33 34
33 47
33 48
33 49
34 34
34 35
34 48
34 49
34 50
35 35
35 36
35 49
35 50
35 51
36 36
36 37
36 50
36 51
36 52
37 37
37 38
37 51
37 52
37 53
38 38
38 39
38 52
38 53
38 54
39 39
39 40
39 53
39 54
39 55
40 40
40 41
40 54
40 55
40 56
41 41
41 42
41 55
41 56
41 57
42 42
42 43
42 56
42 57
42 58
43 43
43 44
43 57
43 58
43 59
44 44
44 45
44 58
44 59
45 45
45 59
45 72
46 46
46 47
46 60
47 47
47 48
47 60
47 61
48 48
48 49
48 60
48 61
48 62
49 49
49 50
49 61
49 62
49 63
50 50
50 51
50 62
50 63
50 64
51 51
51 52
51 63
51 64
51 65
52 52
52 53
52 64
52 65
52 66
53 53
53 54
53 65
53 66
53 67
54 54
54 55
54 66
54 67
54 68
55 55
55 56
55 67
55 68
55 69
56 56
56 57
56 68
56 69
56 70
57 57
57 58
57 69
57 70
57 71
58 58
58 59
58 70
58 71
58 72
59 59
59 71
59 72
60 60
60 61
60 75
60 76
60 77
61 61
61 62
61 76
61 77
61 78
62 62
62 63
62 77
62 78
62 79
63 63
63 64
63 78
63 79
63 80
64 64
64 65
64 79
64 80
64 81
65 65
65 66
65 80
65 81
65 82
66 66
66 67
66 81
66 82
66 83
67 67
67 68
67 82
67 83
67 84
68 68
68 69
68 83
68 84
68 85
69 69
69 70
69 84
69 85
69 86
70 70
70 71
70 85
70 86
70 87
71 71
71 72
71 86
71 87
71 88
72 72
72 73
72 87
72 88
73 73
73 74
73 88
74 74
74 75
75 75
75 76
76 76
76 77
77 77
77 78
78 78
78 79
79 79
79 80
80 80
80 81
81 81
81 82
82 82
82 83
83 83
83 84
84 84
84 85
85 85
85 86
86 86
86 87
87 87
87 88
88 88
